image: kuschelraum.pgm
resolution: 0.060000
origin: [-1.020000, -12.540000, 0.000000]
negate: 0
occupied_thresh: 0.65
free_thresh: 0.196

