home:  [[0.39589442815]]
video: [[0.34213098729]]
